itr = 0
evacuee_startNode = [497, 3087, 665, 387, 2470, 822, 2835, 915, 2141, 1192, 4592, 3119, 2948, 179, 3382, 4315, 3984, 3018, 1340, 4461]
itr = 1
evacuee_startNode = [1336, 3623, 2659, 1185, 4601, 3860, 1726, 2385, 2910, 3474, 587, 2680, 4521, 1303, 335, 1748, 3553, 933, 529, 1444]
itr = 2
evacuee_startNode = [16, 4555, 1549, 1303, 2591, 514, 3020, 2440, 3814, 1761, 2953, 4427, 4661, 2922, 2474, 1474, 2360, 2059, 4764, 3060]
itr = 3
evacuee_startNode = [2679, 4684, 4304, 2912, 2603, 1059, 1790, 3671, 1863, 3348, 2249, 4663, 2006, 619, 4161, 2079, 4694, 2271, 4735, 1879]
itr = 4
evacuee_startNode = [130, 3915, 690, 2131, 1464, 2586, 583, 4053, 4341, 1603, 88, 1638, 4654, 3335, 763, 4723, 3378, 1208, 818, 260]
