itr = 0
evacuee_startNode = [370, 1994, 552, 3152, 1988, 729, 306, 2973, 4367, 4567, 2494, 2529, 368, 1132, 960, 2515, 4550, 2501, 1723, 1152]
itr = 1
evacuee_startNode = [316, 3382, 553, 2967, 450, 28, 2337, 3535, 630, 334, 591, 1025, 915, 119, 2158, 3337, 4660, 3832, 1983, 3752]
itr = 2
evacuee_startNode = [298, 2263, 2540, 4261, 3886, 1481, 4316, 4598, 2336, 58, 3100, 4191, 3375, 4378, 3946, 4257, 3221, 2954, 4177, 277]
itr = 3
evacuee_startNode = [1240, 525, 3949, 1969, 1182, 2505, 2514, 4483, 3066, 471, 3666, 3041, 4659, 2510, 73, 1358, 4779, 556, 2847, 59]
itr = 4
evacuee_startNode = [2762, 1642, 3142, 4345, 4123, 405, 2140, 4072, 1660, 4406, 3890, 1221, 1081, 4368, 3478, 2971, 3717, 335, 42, 958]
